0.22
0.23
0.23
0.25
0.26
0.27
0.28
0.29
0.30
0.31
0.33
0.35
0.37
0.39
0.42
0.44
0.47
0.50
0.53
0.57
0.61
0.64
0.68
0.71
0.76
0.80
0.84
0.89
0.94
0.99
1.05
1.10
1.18
1.23
1.30
1.37
1.45
1.54
1.64
1.75
1.75

0.22
0.23
0.24
0.26
0.27
0.29
0.31
0.32
0.35
0.37
0.39
0.42
0.45
0.48
0.52
0.56
0.61
0.65
0.70
0.76
0.81
0.86
0.92
0.97
1.04
1.10
1.16
1.24
1.31
1.38
1.47
1.55
1.64
1.73
1.83
1.94
2.05
2.17
2.31
2.47
2.67

0.22
0.23
0.23
0.24
0.25
0.27
0.28
0.29
0.31
0.32
0.34
0.36
0.37
0.39
0.41
0.44
0.46
0.49
0.52
0.56
0.59
0.62
0.66
0.70
0.74
0.78
0.82
0.87
0.91
0.96
1.01
1.06
1.12
1.17
1.22
1.30
1.37
1.45
1.57
2.05
2.05